NAME: tsp_30
TYPE: TSP
DIMENSION: 30
EDGE_WEIGHT_TYPE: EXPLICIT
EDGE_WEIGHT_FORMAT: FULL_MATRIX
EDGE_WEIGHT_SECTION
0 80 38 8 71 57 59 57 96 96 73 22 74 33 71 81 20 135 74 29 7 93 20 43 54 112 51 102 97 66
80 0 58 74 71 59 37 37 40 18 19 86 30 57 9 37 60 55 54 51 73 13 100 59 34 32 29 50 35 30
38 58 0 46 89 19 37 33 74 74 51 28 52 5 49 59 58 113 42 35 33 71 42 5 30 90 41 80 75 44
8 74 46 0 65 65 65 65 90 90 67 30 68 41 65 75 14 129 82 23 13 87 26 51 62 106 45 96 91 60
71 71 89 65 0 108 108 108 31 89 52 77 101 84 62 34 51 64 125 54 64 68 91 94 105 59 48 31 36 101
57 59 19 65 108 0 38 34 77 75 56 35 53 24 50 74 77 114 43 54 52 72 41 14 31 91 60 87 76 45
59 37 37 65 108 38 0 4 77 37 56 65 15 36 46 74 77 76 17 54 52 40 79 38 7 53 60 87 72 7
57 37 33 65 108 34 4 0 77 41 56 61 19 32 46 74 77 80 17 54 52 40 75 34 3 57 60 87 72 11
96 40 74 90 31 77 77 77 0 58 23 102 70 73 31 15 76 39 94 67 89 37 116 75 74 28 45 10 5 70
96 18 74 90 89 75 37 41 58 0 37 102 22 73 27 55 76 39 36 67 89 21 116 75 44 30 45 68 53 30
73 19 51 67 52 56 56 56 23 37 0 79 49 50 10 18 53 62 73 44 66 20 93 52 53 39 22 31 24 49
22 86 28 30 77 35 65 61 102 102 79 0 80 29 77 87 42 141 70 35 17 99 14 27 58 118 57 108 103 72
74 30 52 68 101 53 15 19 70 22 49 80 0 51 39 67 70 61 24 47 67 33 94 53 22 42 53 80 65 8
33 57 5 41 84 24 36 32 73 73 50 29 51 0 48 58 53 112 41 30 28 70 43 10 29 89 36 79 74 43
71 9 49 65 62 50 46 46 31 27 10 77 39 48 0 28 51 64 63 42 64 22 91 50 43 41 20 41 26 39
81 37 59 75 34 74 74 74 15 55 18 87 67 58 28 0 61 54 91 52 74 34 101 60 71 31 30 21 16 67
20 60 58 14 51 77 77 77 76 76 53 42 70 53 51 61 0 115 94 23 25 73 40 63 74 92 31 82 77 70
135 55 113 129 64 114 76 80 39 39 62 141 61 112 64 54 115 0 71 106 128 42 155 114 83 23 84 37 38 69
74 54 42 82 125 43 17 17 94 36 73 70 24 41 63 91 94 71 0 71 69 57 84 43 20 66 77 104 89 24
29 51 35 23 54 54 54 54 67 67 44 35 47 30 42 52 23 106 71 0 22 64 49 40 51 83 22 73 68 47
7 73 33 13 64 52 52 52 89 89 66 17 67 28 64 74 25 128 69 22 0 86 27 38 49 105 44 95 90 59
93 13 71 87 68 72 40 40 37 21 20 99 33 70 22 34 73 42 57 64 86 0 113 72 41 19 42 47 32 33
20 100 42 26 91 41 79 75 116 116 93 14 94 43 91 101 40 155 84 49 27 113 0 41 72 132 71 122 117 86
43 59 5 51 94 14 38 34 75 75 52 27 53 10 50 60 63 114 43 40 38 72 41 0 31 91 46 81 76 45
54 34 30 62 105 31 7 3 74 44 53 58 22 29 43 71 74 83 20 51 49 41 72 31 0 60 57 84 69 14
112 32 90 106 59 91 53 57 28 30 39 118 42 89 41 31 92 23 66 83 105 19 132 91 60 0 61 38 23 46
51 29 41 45 48 60 60 60 45 45 22 57 53 36 20 30 31 84 77 22 44 42 71 46 57 61 0 51 46 53
102 50 80 96 31 87 87 87 10 68 31 108 80 79 41 21 82 37 104 73 95 47 122 81 84 38 51 0 15 80
97 35 75 91 36 76 72 72 5 53 24 103 65 74 26 16 77 38 89 68 90 32 117 76 69 23 46 15 0 65
66 30 44 60 101 45 7 11 70 30 49 72 8 43 39 67 70 69 24 47 59 33 86 45 14 46 53 80 65 0
EOF
